data,regione,classe_incidenza
20-02-17,Piemonte,0.01-1
20-02-24,Piemonte,0.01-1
20-03-02,Piemonte,0.01-1
20-05-11,Piemonte,0.01-1
20-05-18,Piemonte,0.01-1
20-05-25,Piemonte,0.01-1
20-06-01,Piemonte,0.01-1
20-06-08,Piemonte,0.01-1
20-06-15,Piemonte,0.01-1
20-06-22,Piemonte,0.01-1
20-06-29,Piemonte,0.01-1
20-07-06,Piemonte,0.01-1
20-07-13,Piemonte,0.01-1
20-07-20,Piemonte,0.01-1
20-07-27,Piemonte,0.01-1
20-08-03,Piemonte,0.01-1
20-08-10,Piemonte,0.01-1
20-08-17,Piemonte,0.01-1
20-08-24,Piemonte,0.01-1
20-08-31,Piemonte,0.01-1
20-09-07,Piemonte,0.01-1
20-09-14,Piemonte,0.01-1
20-09-21,Piemonte,0.01-1
21-06-07,Piemonte,0.01-1
21-06-14,Piemonte,0.01-1
21-06-21,Piemonte,0.01-1
21-06-28,Piemonte,0.01-1
21-07-05,Piemonte,0.01-1
21-07-12,Piemonte,0.01-1
21-07-19,Piemonte,0.01-1
21-12-13,Piemonte,0.01-1
20-02-17,Valle Aosta,0.01-1
20-03-02,Valle Aosta,0.01-1
20-04-20,Valle Aosta,0.01-1
20-04-27,Valle Aosta,0.01-1
20-05-04,Valle Aosta,0.01-1
20-05-11,Valle Aosta,0.01-1
20-05-18,Valle Aosta,0.01-1
20-05-25,Valle Aosta,0.01-1
20-06-01,Valle Aosta,0.01-1
20-06-08,Valle Aosta,0.01-1
20-06-15,Valle Aosta,0.01-1
20-06-22,Valle Aosta,0.01-1
20-06-29,Valle Aosta,0.01-1
20-07-13,Valle Aosta,0.01-1
20-07-27,Valle Aosta,0.01-1
20-08-03,Valle Aosta,0.01-1
20-08-10,Valle Aosta,0.01-1
20-08-17,Valle Aosta,0.01-1
20-08-24,Valle Aosta,0.01-1
20-08-31,Valle Aosta,0.01-1
20-09-07,Valle Aosta,0.01-1
20-09-14,Valle Aosta,0.01-1
20-09-21,Valle Aosta,0.01-1
21-06-07,Valle Aosta,0.01-1
21-06-14,Valle Aosta,0.01-1
21-06-21,Valle Aosta,0.01-1
21-06-28,Valle Aosta,0.01-1
21-07-05,Valle Aosta,0.01-1
21-07-12,Valle Aosta,0.01-1
21-07-26,Valle Aosta,0.01-1
21-08-23,Valle Aosta,0.01-1
21-08-30,Valle Aosta,0.01-1
21-09-06,Valle Aosta,0.01-1
21-09-13,Valle Aosta,0.01-1
21-09-20,Valle Aosta,0.01-1
21-10-18,Valle Aosta,0.01-1
20-02-17,Lombardia,0.01-1
20-02-24,Lombardia,0.01-1
20-05-11,Lombardia,0.01-1
20-05-18,Lombardia,0.01-1
20-05-25,Lombardia,0.01-1
20-06-01,Lombardia,0.01-1
20-06-08,Lombardia,0.01-1
20-06-15,Lombardia,0.01-1
20-06-22,Lombardia,0.01-1
20-06-29,Lombardia,0.01-1
20-07-06,Lombardia,0.01-1
20-07-13,Lombardia,0.01-1
20-07-20,Lombardia,0.01-1
20-07-27,Lombardia,0.01-1
20-08-03,Lombardia,0.01-1
20-08-10,Lombardia,0.01-1
20-08-17,Lombardia,0.01-1
20-08-24,Lombardia,0.01-1
20-08-31,Lombardia,0.01-1
20-09-07,Lombardia,0.01-1
20-09-14,Lombardia,0.01-1
20-09-21,Lombardia,0.01-1
20-09-28,Lombardia,0.01-1
21-06-07,Lombardia,0.01-1
21-06-14,Lombardia,0.01-1
21-06-21,Lombardia,0.01-1
21-06-28,Lombardia,0.01-1
21-07-05,Lombardia,0.01-1
21-07-12,Lombardia,0.01-1
21-09-27,Lombardia,0.01-1
21-10-04,Lombardia,0.01-1
21-10-11,Lombardia,0.01-1
20-02-24,PA Bolzano,0.01-1
20-03-02,PA Bolzano,0.01-1
20-04-20,PA Bolzano,0.01-1
20-04-27,PA Bolzano,0.01-1
20-05-04,PA Bolzano,0.01-1
20-05-11,PA Bolzano,0.01-1
20-05-18,PA Bolzano,0.01-1
20-05-25,PA Bolzano,0.01-1
20-06-01,PA Bolzano,0.01-1
20-06-08,PA Bolzano,0.01-1
20-06-15,PA Bolzano,0.01-1
20-06-22,PA Bolzano,0.01-1
20-06-29,PA Bolzano,0.01-1
20-07-06,PA Bolzano,0.01-1
20-07-13,PA Bolzano,0.01-1
20-07-20,PA Bolzano,0.01-1
20-07-27,PA Bolzano,0.01-1
20-08-03,PA Bolzano,0.01-1
20-08-10,PA Bolzano,0.01-1
20-08-17,PA Bolzano,0.01-1
20-08-24,PA Bolzano,0.01-1
20-08-31,PA Bolzano,0.01-1
21-06-07,PA Bolzano,0.01-1
21-06-14,PA Bolzano,0.01-1
21-06-21,PA Bolzano,0.01-1
21-06-28,PA Bolzano,0.01-1
21-07-05,PA Bolzano,0.01-1
21-07-12,PA Bolzano,0.01-1
21-12-13,PA Bolzano,0.01-1
20-03-02,PA Trento,0.01-1
20-05-18,PA Trento,0.01-1
20-05-25,PA Trento,0.01-1
20-06-01,PA Trento,0.01-1
20-06-08,PA Trento,0.01-1
20-06-15,PA Trento,0.01-1
20-06-22,PA Trento,0.01-1
20-06-29,PA Trento,0.01-1
20-07-06,PA Trento,0.01-1
20-07-13,PA Trento,0.01-1
20-07-20,PA Trento,0.01-1
20-07-27,PA Trento,0.01-1
20-08-03,PA Trento,0.01-1
20-08-10,PA Trento,0.01-1
20-08-17,PA Trento,0.01-1
20-08-24,PA Trento,0.01-1
21-06-07,PA Trento,0.01-1
21-06-14,PA Trento,0.01-1
21-06-21,PA Trento,0.01-1
21-06-28,PA Trento,0.01-1
21-07-05,PA Trento,0.01-1
20-02-17,Veneto,0.01-1
20-02-24,Veneto,0.01-1
20-03-02,Veneto,0.01-1
20-04-27,Veneto,0.01-1
20-05-04,Veneto,0.01-1
20-05-11,Veneto,0.01-1
20-05-18,Veneto,0.01-1
20-05-25,Veneto,0.01-1
20-06-01,Veneto,0.01-1
20-06-08,Veneto,0.01-1
20-06-15,Veneto,0.01-1
20-06-22,Veneto,0.01-1
20-06-29,Veneto,0.01-1
20-07-06,Veneto,0.01-1
20-07-13,Veneto,0.01-1
20-07-20,Veneto,0.01-1
20-07-27,Veneto,0.01-1
20-08-03,Veneto,0.01-1
20-08-10,Veneto,0.01-1
20-08-17,Veneto,0.01-1
20-08-24,Veneto,0.01-1
20-08-31,Veneto,0.01-1
20-09-07,Veneto,0.01-1
20-09-14,Veneto,0.01-1
21-05-24,Veneto,0.01-1
21-05-31,Veneto,0.01-1
21-06-07,Veneto,0.01-1
21-06-14,Veneto,0.01-1
21-06-21,Veneto,0.01-1
21-06-28,Veneto,0.01-1
21-07-05,Veneto,0.01-1
20-02-24,Friuli,0.01-1
20-03-02,Friuli,0.01-1
20-04-20,Friuli,0.01-1
20-04-27,Friuli,0.01-1
20-05-04,Friuli,0.01-1
20-05-11,Friuli,0.01-1
20-05-18,Friuli,0.01-1
20-05-25,Friuli,0.01-1
20-06-01,Friuli,0.01-1
20-06-08,Friuli,0.01-1
20-06-15,Friuli,0.01-1
20-06-22,Friuli,0.01-1
20-06-29,Friuli,0.01-1
20-07-06,Friuli,0.01-1
20-07-13,Friuli,0.01-1
20-07-20,Friuli,0.01-1
20-07-27,Friuli,0.01-1
20-08-03,Friuli,0.01-1
20-08-10,Friuli,0.01-1
20-08-17,Friuli,0.01-1
20-08-24,Friuli,0.01-1
20-08-31,Friuli,0.01-1
20-09-07,Friuli,0.01-1
20-09-14,Friuli,0.01-1
20-09-21,Friuli,0.01-1
21-05-17,Friuli,0.01-1
21-05-24,Friuli,0.01-1
21-05-31,Friuli,0.01-1
21-06-07,Friuli,0.01-1
21-06-14,Friuli,0.01-1
21-06-21,Friuli,0.01-1
21-06-28,Friuli,0.01-1
21-07-05,Friuli,0.01-1
21-07-12,Friuli,0.01-1
20-02-24,Liguria,0.01-1
20-03-02,Liguria,0.01-1
20-05-18,Liguria,0.01-1
20-05-25,Liguria,0.01-1
20-06-01,Liguria,0.01-1
20-06-08,Liguria,0.01-1
20-06-15,Liguria,0.01-1
20-06-22,Liguria,0.01-1
20-06-29,Liguria,0.01-1
20-07-06,Liguria,0.01-1
20-07-13,Liguria,0.01-1
20-07-20,Liguria,0.01-1
20-07-27,Liguria,0.01-1
20-08-03,Liguria,0.01-1
20-08-10,Liguria,0.01-1
20-08-17,Liguria,0.01-1
20-08-24,Liguria,0.01-1
21-05-24,Liguria,0.01-1
21-05-31,Liguria,0.01-1
21-06-07,Liguria,0.01-1
21-06-14,Liguria,0.01-1
21-06-21,Liguria,0.01-1
21-06-28,Liguria,0.01-1
21-07-05,Liguria,0.01-1
21-07-12,Liguria,0.01-1
20-02-17,Emilia,0.01-1
20-02-24,Emilia,0.01-1
20-05-04,Emilia,0.01-1
20-05-11,Emilia,0.01-1
20-05-18,Emilia,0.01-1
20-05-25,Emilia,0.01-1
20-06-01,Emilia,0.01-1
20-06-08,Emilia,0.01-1
20-06-15,Emilia,0.01-1
20-06-22,Emilia,0.01-1
20-06-29,Emilia,0.01-1
20-07-06,Emilia,0.01-1
20-07-13,Emilia,0.01-1
20-07-20,Emilia,0.01-1
20-07-27,Emilia,0.01-1
20-08-03,Emilia,0.01-1
20-08-10,Emilia,0.01-1
20-08-17,Emilia,0.01-1
20-08-24,Emilia,0.01-1
20-08-31,Emilia,0.01-1
20-09-07,Emilia,0.01-1
20-09-14,Emilia,0.01-1
20-09-21,Emilia,0.01-1
21-05-31,Emilia,0.01-1
21-06-07,Emilia,0.01-1
21-06-14,Emilia,0.01-1
21-06-21,Emilia,0.01-1
21-06-28,Emilia,0.01-1
21-07-05,Emilia,0.01-1
20-02-24,Toscana,0.01-1
20-03-02,Toscana,0.01-1
20-03-09,Toscana,0.01-1
20-04-20,Toscana,0.01-1
20-04-27,Toscana,0.01-1
20-05-04,Toscana,0.01-1
20-05-11,Toscana,0.01-1
20-05-18,Toscana,0.01-1
20-05-25,Toscana,0.01-1
20-06-01,Toscana,0.01-1
20-06-08,Toscana,0.01-1
20-06-15,Toscana,0.01-1
20-06-22,Toscana,0.01-1
20-06-29,Toscana,0.01-1
20-07-06,Toscana,0.01-1
20-07-13,Toscana,0.01-1
20-07-20,Toscana,0.01-1
20-07-27,Toscana,0.01-1
20-08-03,Toscana,0.01-1
20-08-10,Toscana,0.01-1
20-08-17,Toscana,0.01-1
20-08-24,Toscana,0.01-1
20-08-31,Toscana,0.01-1
20-09-07,Toscana,0.01-1
20-09-14,Toscana,0.01-1
20-09-21,Toscana,0.01-1
21-06-07,Toscana,0.01-1
21-06-14,Toscana,0.01-1
21-06-21,Toscana,0.01-1
21-06-28,Toscana,0.01-1
21-07-05,Toscana,0.01-1
20-02-24,Umbria,0.01-1
20-03-02,Umbria,0.01-1
20-03-09,Umbria,0.01-1
20-03-30,Umbria,0.01-1
20-04-06,Umbria,0.01-1
20-04-13,Umbria,0.01-1
20-04-20,Umbria,0.01-1
20-04-27,Umbria,0.01-1
20-05-04,Umbria,0.01-1
20-05-11,Umbria,0.01-1
20-05-18,Umbria,0.01-1
20-05-25,Umbria,0.01-1
20-06-01,Umbria,0.01-1
20-06-08,Umbria,0.01-1
20-06-15,Umbria,0.01-1
20-06-22,Umbria,0.01-1
20-06-29,Umbria,0.01-1
20-07-06,Umbria,0.01-1
20-07-13,Umbria,0.01-1
20-07-20,Umbria,0.01-1
20-07-27,Umbria,0.01-1
20-08-03,Umbria,0.01-1
20-08-10,Umbria,0.01-1
20-08-17,Umbria,0.01-1
20-08-24,Umbria,0.01-1
20-08-31,Umbria,0.01-1
20-09-07,Umbria,0.01-1
20-09-14,Umbria,0.01-1
20-09-21,Umbria,0.01-1
21-05-31,Umbria,0.01-1
21-06-07,Umbria,0.01-1
21-06-14,Umbria,0.01-1
21-06-21,Umbria,0.01-1
21-06-28,Umbria,0.01-1
21-07-05,Umbria,0.01-1
21-10-04,Umbria,0.01-1
21-10-11,Umbria,0.01-1
20-02-24,Marche,0.01-1
20-03-02,Marche,0.01-1
20-04-20,Marche,0.01-1
20-04-27,Marche,0.01-1
20-05-04,Marche,0.01-1
20-05-11,Marche,0.01-1
20-05-18,Marche,0.01-1
20-05-25,Marche,0.01-1
20-06-01,Marche,0.01-1
20-06-08,Marche,0.01-1
20-06-15,Marche,0.01-1
20-06-22,Marche,0.01-1
20-06-29,Marche,0.01-1
20-07-06,Marche,0.01-1
20-07-13,Marche,0.01-1
20-07-20,Marche,0.01-1
20-07-27,Marche,0.01-1
20-08-03,Marche,0.01-1
20-08-10,Marche,0.01-1
20-08-17,Marche,0.01-1
20-08-24,Marche,0.01-1
20-08-31,Marche,0.01-1
20-09-07,Marche,0.01-1
20-09-14,Marche,0.01-1
20-09-21,Marche,0.01-1
20-09-28,Marche,0.01-1
21-06-07,Marche,0.01-1
21-06-14,Marche,0.01-1
21-06-21,Marche,0.01-1
21-06-28,Marche,0.01-1
21-07-05,Marche,0.01-1
21-07-12,Marche,0.01-1
21-10-11,Marche,0.01-1
20-02-24,Lazio,0.01-1
20-03-02,Lazio,0.01-1
20-03-09,Lazio,0.01-1
20-03-16,Lazio,0.01-1
20-03-30,Lazio,0.01-1
20-04-06,Lazio,0.01-1
20-04-13,Lazio,0.01-1
20-04-20,Lazio,0.01-1
20-04-27,Lazio,0.01-1
20-05-04,Lazio,0.01-1
20-05-11,Lazio,0.01-1
20-05-18,Lazio,0.01-1
20-05-25,Lazio,0.01-1
20-06-01,Lazio,0.01-1
20-06-08,Lazio,0.01-1
20-06-15,Lazio,0.01-1
20-06-22,Lazio,0.01-1
20-06-29,Lazio,0.01-1
20-07-06,Lazio,0.01-1
20-07-13,Lazio,0.01-1
20-07-20,Lazio,0.01-1
20-07-27,Lazio,0.01-1
20-08-03,Lazio,0.01-1
20-08-10,Lazio,0.01-1
20-08-17,Lazio,0.01-1
20-08-24,Lazio,0.01-1
20-08-31,Lazio,0.01-1
20-09-07,Lazio,0.01-1
21-05-31,Lazio,0.01-1
21-06-07,Lazio,0.01-1
21-06-14,Lazio,0.01-1
21-06-21,Lazio,0.01-1
21-06-28,Lazio,0.01-1
21-07-05,Lazio,0.01-1
20-02-24,Abruzzo,0.01-1
20-03-02,Abruzzo,0.01-1
20-03-09,Abruzzo,0.01-1
20-04-13,Abruzzo,0.01-1
20-04-20,Abruzzo,0.01-1
20-04-27,Abruzzo,0.01-1
20-05-04,Abruzzo,0.01-1
20-05-11,Abruzzo,0.01-1
20-05-18,Abruzzo,0.01-1
20-05-25,Abruzzo,0.01-1
20-06-01,Abruzzo,0.01-1
20-06-08,Abruzzo,0.01-1
20-06-15,Abruzzo,0.01-1
20-06-22,Abruzzo,0.01-1
20-06-29,Abruzzo,0.01-1
20-07-06,Abruzzo,0.01-1
20-07-13,Abruzzo,0.01-1
20-07-20,Abruzzo,0.01-1
20-07-27,Abruzzo,0.01-1
20-08-03,Abruzzo,0.01-1
20-08-10,Abruzzo,0.01-1
20-08-17,Abruzzo,0.01-1
20-08-24,Abruzzo,0.01-1
20-08-31,Abruzzo,0.01-1
20-09-07,Abruzzo,0.01-1
20-09-14,Abruzzo,0.01-1
20-09-21,Abruzzo,0.01-1
20-09-28,Abruzzo,0.01-1
21-05-24,Abruzzo,0.01-1
21-05-31,Abruzzo,0.01-1
21-06-07,Abruzzo,0.01-1
21-06-14,Abruzzo,0.01-1
21-06-21,Abruzzo,0.01-1
21-06-28,Abruzzo,0.01-1
21-07-05,Abruzzo,0.01-1
21-07-12,Abruzzo,0.01-1
21-09-27,Abruzzo,0.01-1
21-10-04,Abruzzo,0.01-1
21-10-11,Abruzzo,0.01-1
20-03-02,Molise,0.01-1
20-03-09,Molise,0.01-1
20-03-16,Molise,0.01-1
20-03-23,Molise,0.01-1
20-04-06,Molise,0.01-1
20-04-13,Molise,0.01-1
20-04-20,Molise,0.01-1
20-04-27,Molise,0.01-1
20-05-11,Molise,0.01-1
20-05-18,Molise,0.01-1
20-05-25,Molise,0.01-1
20-06-01,Molise,0.01-1
20-06-08,Molise,0.01-1
20-06-15,Molise,0.01-1
20-06-22,Molise,0.01-1
20-07-06,Molise,0.01-1
20-07-20,Molise,0.01-1
20-07-27,Molise,0.01-1
20-08-03,Molise,0.01-1
20-08-10,Molise,0.01-1
20-08-17,Molise,0.01-1
20-08-24,Molise,0.01-1
20-08-31,Molise,0.01-1
20-09-07,Molise,0.01-1
20-09-14,Molise,0.01-1
20-09-21,Molise,0.01-1
20-09-28,Molise,0.01-1
21-05-17,Molise,0.01-1
21-05-24,Molise,0.01-1
21-05-31,Molise,0.01-1
21-06-07,Molise,0.01-1
21-06-14,Molise,0.01-1
21-06-21,Molise,0.01-1
21-06-28,Molise,0.01-1
21-07-05,Molise,0.01-1
21-07-12,Molise,0.01-1
21-07-19,Molise,0.01-1
21-07-26,Molise,0.01-1
21-08-02,Molise,0.01-1
21-08-09,Molise,0.01-1
21-08-16,Molise,0.01-1
21-09-06,Molise,0.01-1
21-09-13,Molise,0.01-1
21-09-20,Molise,0.01-1
21-09-27,Molise,0.01-1
21-10-04,Molise,0.01-1
21-10-11,Molise,0.01-1
21-10-18,Molise,0.01-1
21-10-25,Molise,0.01-1
21-11-01,Molise,0.01-1
21-12-06,Molise,0.01-1
20-02-24,Campania,0.01-1
20-03-02,Campania,0.01-1
20-03-09,Campania,0.01-1
20-03-16,Campania,0.01-1
20-03-23,Campania,0.01-1
20-03-30,Campania,0.01-1
20-04-06,Campania,0.01-1
20-04-13,Campania,0.01-1
20-04-20,Campania,0.01-1
20-04-27,Campania,0.01-1
20-05-04,Campania,0.01-1
20-05-11,Campania,0.01-1
20-05-18,Campania,0.01-1
20-05-25,Campania,0.01-1
20-06-01,Campania,0.01-1
20-06-08,Campania,0.01-1
20-06-15,Campania,0.01-1
20-06-22,Campania,0.01-1
20-06-29,Campania,0.01-1
20-07-06,Campania,0.01-1
20-07-13,Campania,0.01-1
20-07-20,Campania,0.01-1
20-07-27,Campania,0.01-1
20-08-03,Campania,0.01-1
20-08-10,Campania,0.01-1
20-08-17,Campania,0.01-1
20-08-24,Campania,0.01-1
20-08-31,Campania,0.01-1
20-09-07,Campania,0.01-1
20-09-14,Campania,0.01-1
21-06-07,Campania,0.01-1
21-06-14,Campania,0.01-1
21-06-21,Campania,0.01-1
21-06-28,Campania,0.01-1
21-07-05,Campania,0.01-1
20-02-24,Puglia,0.01-1
20-03-02,Puglia,0.01-1
20-03-09,Puglia,0.01-1
20-03-16,Puglia,0.01-1
20-03-23,Puglia,0.01-1
20-03-30,Puglia,0.01-1
20-04-06,Puglia,0.01-1
20-04-13,Puglia,0.01-1
20-04-20,Puglia,0.01-1
20-04-27,Puglia,0.01-1
20-05-04,Puglia,0.01-1
20-05-11,Puglia,0.01-1
20-05-18,Puglia,0.01-1
20-05-25,Puglia,0.01-1
20-06-01,Puglia,0.01-1
20-06-08,Puglia,0.01-1
20-06-15,Puglia,0.01-1
20-06-22,Puglia,0.01-1
20-06-29,Puglia,0.01-1
20-07-06,Puglia,0.01-1
20-07-13,Puglia,0.01-1
20-07-20,Puglia,0.01-1
20-07-27,Puglia,0.01-1
20-08-03,Puglia,0.01-1
20-08-10,Puglia,0.01-1
20-08-17,Puglia,0.01-1
20-08-24,Puglia,0.01-1
20-08-31,Puglia,0.01-1
20-09-07,Puglia,0.01-1
20-09-14,Puglia,0.01-1
20-09-21,Puglia,0.01-1
20-09-28,Puglia,0.01-1
21-06-07,Puglia,0.01-1
21-06-14,Puglia,0.01-1
21-06-21,Puglia,0.01-1
21-06-28,Puglia,0.01-1
21-07-05,Puglia,0.01-1
21-07-12,Puglia,0.01-1
21-07-19,Puglia,0.01-1
21-09-20,Puglia,0.01-1
21-09-27,Puglia,0.01-1
21-10-04,Puglia,0.01-1
21-10-11,Puglia,0.01-1
20-03-02,Basilicata,0.01-1
20-03-09,Basilicata,0.01-1
20-03-16,Basilicata,0.01-1
20-03-23,Basilicata,0.01-1
20-03-30,Basilicata,0.01-1
20-04-06,Basilicata,0.01-1
20-04-13,Basilicata,0.01-1
20-04-20,Basilicata,0.01-1
20-04-27,Basilicata,0.01-1
20-05-04,Basilicata,0.01-1
20-05-11,Basilicata,0.01-1
20-05-18,Basilicata,0.01-1
20-05-25,Basilicata,0.01-1
20-06-01,Basilicata,0.01-1
20-06-08,Basilicata,0.01-1
20-06-22,Basilicata,0.01-1
20-06-29,Basilicata,0.01-1
20-07-06,Basilicata,0.01-1
20-07-13,Basilicata,0.01-1
20-07-20,Basilicata,0.01-1
20-07-27,Basilicata,0.01-1
20-08-03,Basilicata,0.01-1
20-08-10,Basilicata,0.01-1
20-08-17,Basilicata,0.01-1
20-08-24,Basilicata,0.01-1
20-08-31,Basilicata,0.01-1
20-09-07,Basilicata,0.01-1
20-09-14,Basilicata,0.01-1
20-09-21,Basilicata,0.01-1
20-10-05,Basilicata,0.01-1
21-06-21,Basilicata,0.01-1
21-06-28,Basilicata,0.01-1
21-07-05,Basilicata,0.01-1
21-07-12,Basilicata,0.01-1
21-07-19,Basilicata,0.01-1
21-10-11,Basilicata,0.01-1
21-10-18,Basilicata,0.01-1
20-02-24,Calabria,0.01-1
20-03-02,Calabria,0.01-1
20-03-09,Calabria,0.01-1
20-03-16,Calabria,0.01-1
20-03-23,Calabria,0.01-1
20-03-30,Calabria,0.01-1
20-04-06,Calabria,0.01-1
20-04-13,Calabria,0.01-1
20-04-20,Calabria,0.01-1
20-04-27,Calabria,0.01-1
20-05-04,Calabria,0.01-1
20-05-11,Calabria,0.01-1
20-05-18,Calabria,0.01-1
20-05-25,Calabria,0.01-1
20-06-01,Calabria,0.01-1
20-06-08,Calabria,0.01-1
20-06-15,Calabria,0.01-1
20-06-22,Calabria,0.01-1
20-06-29,Calabria,0.01-1
20-07-06,Calabria,0.01-1
20-07-13,Calabria,0.01-1
20-07-20,Calabria,0.01-1
20-07-27,Calabria,0.01-1
20-08-03,Calabria,0.01-1
20-08-10,Calabria,0.01-1
20-08-17,Calabria,0.01-1
20-08-24,Calabria,0.01-1
20-08-31,Calabria,0.01-1
20-09-07,Calabria,0.01-1
20-09-14,Calabria,0.01-1
20-09-21,Calabria,0.01-1
20-09-28,Calabria,0.01-1
20-10-05,Calabria,0.01-1
21-06-14,Calabria,0.01-1
21-06-21,Calabria,0.01-1
21-06-28,Calabria,0.01-1
21-07-05,Calabria,0.01-1
21-07-12,Calabria,0.01-1
20-02-24,Sicilia,0.01-1
20-03-02,Sicilia,0.01-1
20-03-09,Sicilia,0.01-1
20-03-16,Sicilia,0.01-1
20-03-23,Sicilia,0.01-1
20-03-30,Sicilia,0.01-1
20-04-06,Sicilia,0.01-1
20-04-13,Sicilia,0.01-1
20-04-20,Sicilia,0.01-1
20-04-27,Sicilia,0.01-1
20-05-04,Sicilia,0.01-1
20-05-11,Sicilia,0.01-1
20-05-18,Sicilia,0.01-1
20-05-25,Sicilia,0.01-1
20-06-01,Sicilia,0.01-1
20-06-08,Sicilia,0.01-1
20-06-15,Sicilia,0.01-1
20-06-22,Sicilia,0.01-1
20-06-29,Sicilia,0.01-1
20-07-06,Sicilia,0.01-1
20-07-13,Sicilia,0.01-1
20-07-20,Sicilia,0.01-1
20-07-27,Sicilia,0.01-1
20-08-03,Sicilia,0.01-1
20-08-10,Sicilia,0.01-1
20-08-17,Sicilia,0.01-1
20-08-24,Sicilia,0.01-1
20-08-31,Sicilia,0.01-1
20-09-07,Sicilia,0.01-1
20-09-14,Sicilia,0.01-1
20-09-21,Sicilia,0.01-1
20-09-28,Sicilia,0.01-1
21-06-14,Sicilia,0.01-1
21-06-21,Sicilia,0.01-1
21-06-28,Sicilia,0.01-1
20-02-24,Sardegna,0.01-1
20-03-02,Sardegna,0.01-1
20-03-09,Sardegna,0.01-1
20-03-16,Sardegna,0.01-1
20-03-23,Sardegna,0.01-1
20-03-30,Sardegna,0.01-1
20-04-06,Sardegna,0.01-1
20-04-13,Sardegna,0.01-1
20-04-20,Sardegna,0.01-1
20-04-27,Sardegna,0.01-1
20-05-04,Sardegna,0.01-1
20-05-11,Sardegna,0.01-1
20-05-18,Sardegna,0.01-1
20-05-25,Sardegna,0.01-1
20-06-01,Sardegna,0.01-1
20-06-08,Sardegna,0.01-1
20-06-15,Sardegna,0.01-1
20-06-22,Sardegna,0.01-1
20-06-29,Sardegna,0.01-1
20-07-06,Sardegna,0.01-1
20-07-13,Sardegna,0.01-1
20-07-20,Sardegna,0.01-1
20-07-27,Sardegna,0.01-1
20-08-03,Sardegna,0.01-1
20-08-10,Sardegna,0.01-1
20-08-17,Sardegna,0.01-1
20-08-24,Sardegna,0.01-1
20-09-07,Sardegna,0.01-1
21-05-17,Sardegna,0.01-1
21-05-24,Sardegna,0.01-1
21-05-31,Sardegna,0.01-1
21-06-07,Sardegna,0.01-1
21-06-14,Sardegna,0.01-1
21-06-21,Sardegna,0.01-1
21-06-28,Sardegna,0.01-1
21-07-05,Sardegna,0.01-1
21-09-20,Sardegna,0.01-1
21-09-27,Sardegna,0.01-1
21-10-04,Sardegna,0.01-1
21-10-11,Sardegna,0.01-1
21-10-18,Sardegna,0.01-1
21-10-25,Sardegna,0.01-1
21-11-01,Sardegna,0.01-1
20-03-09,Piemonte,1.01-5
20-05-04,Piemonte,1.01-5
20-09-28,Piemonte,1.01-5
21-05-24,Piemonte,1.01-5
21-05-31,Piemonte,1.01-5
21-07-26,Piemonte,1.01-5
21-08-02,Piemonte,1.01-5
21-08-09,Piemonte,1.01-5
21-08-16,Piemonte,1.01-5
21-08-23,Piemonte,1.01-5
21-08-30,Piemonte,1.01-5
21-09-06,Piemonte,1.01-5
21-09-13,Piemonte,1.01-5
21-09-20,Piemonte,1.01-5
21-09-27,Piemonte,1.01-5
21-10-04,Piemonte,1.01-5
21-10-11,Piemonte,1.01-5
21-10-18,Piemonte,1.01-5
21-10-25,Piemonte,1.01-5
21-11-01,Piemonte,1.01-5
20-09-28,Valle Aosta,1.01-5
21-01-25,Valle Aosta,1.01-5
21-02-01,Valle Aosta,1.01-5
21-02-15,Valle Aosta,1.01-5
21-05-31,Valle Aosta,1.01-5
21-07-19,Valle Aosta,1.01-5
21-09-27,Valle Aosta,1.01-5
21-10-04,Valle Aosta,1.01-5
21-10-11,Valle Aosta,1.01-5
21-10-25,Valle Aosta,1.01-5
21-11-01,Valle Aosta,1.01-5
20-03-02,Lombardia,1.01-5
20-04-27,Lombardia,1.01-5
20-05-04,Lombardia,1.01-5
21-05-24,Lombardia,1.01-5
21-05-31,Lombardia,1.01-5
21-07-19,Lombardia,1.01-5
21-07-26,Lombardia,1.01-5
21-08-02,Lombardia,1.01-5
21-08-09,Lombardia,1.01-5
21-08-16,Lombardia,1.01-5
21-08-23,Lombardia,1.01-5
21-08-30,Lombardia,1.01-5
21-09-06,Lombardia,1.01-5
21-09-13,Lombardia,1.01-5
21-09-20,Lombardia,1.01-5
21-10-18,Lombardia,1.01-5
21-10-25,Lombardia,1.01-5
21-11-01,Lombardia,1.01-5
20-03-09,PA Bolzano,1.01-5
20-04-13,PA Bolzano,1.01-5
20-09-07,PA Bolzano,1.01-5
20-09-14,PA Bolzano,1.01-5
20-09-21,PA Bolzano,1.01-5
20-09-28,PA Bolzano,1.01-5
21-05-31,PA Bolzano,1.01-5
21-07-19,PA Bolzano,1.01-5
21-07-26,PA Bolzano,1.01-5
21-08-02,PA Bolzano,1.01-5
20-03-09,PA Trento,1.01-5
20-04-27,PA Trento,1.01-5
20-05-11,PA Trento,1.01-5
20-08-31,PA Trento,1.01-5
20-09-07,PA Trento,1.01-5
20-09-14,PA Trento,1.01-5
20-09-21,PA Trento,1.01-5
20-09-28,PA Trento,1.01-5
20-10-05,PA Trento,1.01-5
21-05-17,PA Trento,1.01-5
21-05-24,PA Trento,1.01-5
21-05-31,PA Trento,1.01-5
21-07-12,PA Trento,1.01-5
21-07-19,PA Trento,1.01-5
21-07-26,PA Trento,1.01-5
21-08-02,PA Trento,1.01-5
21-08-16,PA Trento,1.01-5
21-08-30,PA Trento,1.01-5
21-09-06,PA Trento,1.01-5
21-09-13,PA Trento,1.01-5
21-09-20,PA Trento,1.01-5
21-09-27,PA Trento,1.01-5
21-10-04,PA Trento,1.01-5
21-10-11,PA Trento,1.01-5
21-10-18,PA Trento,1.01-5
20-03-09,Veneto,1.01-5
20-04-06,Veneto,1.01-5
20-04-13,Veneto,1.01-5
20-04-20,Veneto,1.01-5
20-09-21,Veneto,1.01-5
20-09-28,Veneto,1.01-5
21-05-17,Veneto,1.01-5
21-09-27,Veneto,1.01-5
21-10-04,Veneto,1.01-5
21-10-11,Veneto,1.01-5
20-03-09,Friuli,1.01-5
20-03-16,Friuli,1.01-5
20-03-30,Friuli,1.01-5
20-04-06,Friuli,1.01-5
20-04-13,Friuli,1.01-5
20-09-28,Friuli,1.01-5
21-05-10,Friuli,1.01-5
21-07-19,Friuli,1.01-5
21-07-26,Friuli,1.01-5
21-08-02,Friuli,1.01-5
21-08-09,Friuli,1.01-5
21-08-16,Friuli,1.01-5
21-09-20,Friuli,1.01-5
21-09-27,Friuli,1.01-5
21-10-04,Friuli,1.01-5
21-10-11,Friuli,1.01-5
20-03-09,Liguria,1.01-5
20-04-27,Liguria,1.01-5
20-05-04,Liguria,1.01-5
20-05-11,Liguria,1.01-5
20-08-31,Liguria,1.01-5
20-09-07,Liguria,1.01-5
20-09-14,Liguria,1.01-5
20-09-21,Liguria,1.01-5
21-05-17,Liguria,1.01-5
21-07-19,Liguria,1.01-5
21-09-13,Liguria,1.01-5
21-09-20,Liguria,1.01-5
21-09-27,Liguria,1.01-5
21-10-04,Liguria,1.01-5
21-10-11,Liguria,1.01-5
21-10-18,Liguria,1.01-5
21-10-25,Liguria,1.01-5
20-03-02,Emilia,1.01-5
20-04-20,Emilia,1.01-5
20-04-27,Emilia,1.01-5
20-09-28,Emilia,1.01-5
21-05-17,Emilia,1.01-5
21-05-24,Emilia,1.01-5
21-07-12,Emilia,1.01-5
21-09-20,Emilia,1.01-5
21-09-27,Emilia,1.01-5
21-10-04,Emilia,1.01-5
21-10-11,Emilia,1.01-5
21-10-18,Emilia,1.01-5
20-03-16,Toscana,1.01-5
20-03-30,Toscana,1.01-5
20-04-06,Toscana,1.01-5
20-04-13,Toscana,1.01-5
20-09-28,Toscana,1.01-5
21-05-24,Toscana,1.01-5
21-05-31,Toscana,1.01-5
21-07-12,Toscana,1.01-5
21-09-27,Toscana,1.01-5
21-10-04,Toscana,1.01-5
21-10-11,Toscana,1.01-5
21-10-18,Toscana,1.01-5
20-03-16,Umbria,1.01-5
20-09-28,Umbria,1.01-5
21-05-17,Umbria,1.01-5
21-05-24,Umbria,1.01-5
21-07-12,Umbria,1.01-5
21-09-20,Umbria,1.01-5
21-09-27,Umbria,1.01-5
20-04-13,Marche,1.01-5
20-10-05,Marche,1.01-5
21-05-24,Marche,1.01-5
21-05-31,Marche,1.01-5
21-07-19,Marche,1.01-5
21-09-20,Marche,1.01-5
21-09-27,Marche,1.01-5
21-10-04,Marche,1.01-5
21-10-18,Marche,1.01-5
21-10-25,Marche,1.01-5
20-03-23,Lazio,1.01-5
20-09-14,Lazio,1.01-5
20-09-21,Lazio,1.01-5
20-09-28,Lazio,1.01-5
21-05-24,Lazio,1.01-5
21-09-06,Lazio,1.01-5
21-09-13,Lazio,1.01-5
21-09-20,Lazio,1.01-5
21-09-27,Lazio,1.01-5
21-10-04,Lazio,1.01-5
21-10-11,Lazio,1.01-5
21-12-13,Lazio,1.01-5
20-03-16,Abruzzo,1.01-5
20-03-30,Abruzzo,1.01-5
20-04-06,Abruzzo,1.01-5
20-10-05,Abruzzo,1.01-5
21-05-17,Abruzzo,1.01-5
21-07-19,Abruzzo,1.01-5
21-07-26,Abruzzo,1.01-5
21-08-02,Abruzzo,1.01-5
21-08-30,Abruzzo,1.01-5
21-09-06,Abruzzo,1.01-5
21-09-13,Abruzzo,1.01-5
21-09-20,Abruzzo,1.01-5
21-10-18,Abruzzo,1.01-5
20-03-30,Molise,1.01-5
20-05-04,Molise,1.01-5
20-10-05,Molise,1.01-5
21-05-03,Molise,1.01-5
21-05-10,Molise,1.01-5
21-08-23,Molise,1.01-5
21-08-30,Molise,1.01-5
21-11-08,Molise,1.01-5
21-11-29,Molise,1.01-5
20-09-21,Campania,1.01-5
20-09-28,Campania,1.01-5
21-05-31,Campania,1.01-5
21-07-12,Campania,1.01-5
21-07-19,Campania,1.01-5
21-07-26,Campania,1.01-5
21-09-06,Campania,1.01-5
21-09-13,Campania,1.01-5
21-09-20,Campania,1.01-5
21-09-27,Campania,1.01-5
21-10-04,Campania,1.01-5
21-10-11,Campania,1.01-5
21-10-18,Campania,1.01-5
20-10-05,Puglia,1.01-5
21-05-24,Puglia,1.01-5
21-05-31,Puglia,1.01-5
21-07-26,Puglia,1.01-5
21-08-02,Puglia,1.01-5
21-08-09,Puglia,1.01-5
21-08-16,Puglia,1.01-5
21-08-23,Puglia,1.01-5
21-08-30,Puglia,1.01-5
21-09-06,Puglia,1.01-5
21-09-13,Puglia,1.01-5
21-10-18,Puglia,1.01-5
21-10-25,Puglia,1.01-5
21-11-01,Puglia,1.01-5
21-11-08,Puglia,1.01-5
21-11-15,Puglia,1.01-5
21-11-22,Puglia,1.01-5
20-09-28,Basilicata,1.01-5
20-10-12,Basilicata,1.01-5
21-05-31,Basilicata,1.01-5
21-06-07,Basilicata,1.01-5
21-06-14,Basilicata,1.01-5
21-07-26,Basilicata,1.01-5
21-09-20,Basilicata,1.01-5
21-10-04,Basilicata,1.01-5
21-10-25,Basilicata,1.01-5
21-11-01,Basilicata,1.01-5
21-11-08,Basilicata,1.01-5
21-11-15,Basilicata,1.01-5
21-11-22,Basilicata,1.01-5
20-10-12,Calabria,1.01-5
21-05-31,Calabria,1.01-5
21-06-07,Calabria,1.01-5
21-07-19,Calabria,1.01-5
21-07-26,Calabria,1.01-5
21-09-27,Calabria,1.01-5
21-10-04,Calabria,1.01-5
21-10-11,Calabria,1.01-5
21-10-18,Calabria,1.01-5
21-12-13,Calabria,1.01-5
20-10-05,Sicilia,1.01-5
21-05-31,Sicilia,1.01-5
21-06-07,Sicilia,1.01-5
21-07-05,Sicilia,1.01-5
21-10-04,Sicilia,1.01-5
21-10-11,Sicilia,1.01-5
20-08-31,Sardegna,1.01-5
20-09-14,Sardegna,1.01-5
20-09-21,Sardegna,1.01-5
20-09-28,Sardegna,1.01-5
21-02-08,Sardegna,1.01-5
21-02-15,Sardegna,1.01-5
21-02-22,Sardegna,1.01-5
21-03-01,Sardegna,1.01-5
21-03-08,Sardegna,1.01-5
21-05-03,Sardegna,1.01-5
21-05-10,Sardegna,1.01-5
21-09-13,Sardegna,1.01-5
21-11-08,Sardegna,1.01-5
21-11-15,Sardegna,1.01-5
20-03-16,Piemonte,5.01-10
20-03-23,Piemonte,5.01-10
20-03-30,Piemonte,5.01-10
20-04-13,Piemonte,5.01-10
20-04-20,Piemonte,5.01-10
20-04-27,Piemonte,5.01-10
20-10-05,Piemonte,5.01-10
21-05-10,Piemonte,5.01-10
21-05-17,Piemonte,5.01-10
21-11-08,Piemonte,5.01-10
21-11-15,Piemonte,5.01-10
20-03-09,Valle Aosta,5.01-10
20-04-06,Valle Aosta,5.01-10
21-01-11,Valle Aosta,5.01-10
21-01-18,Valle Aosta,5.01-10
21-02-08,Valle Aosta,5.01-10
21-02-22,Valle Aosta,5.01-10
21-03-01,Valle Aosta,5.01-10
21-05-17,Valle Aosta,5.01-10
21-05-24,Valle Aosta,5.01-10
21-08-02,Valle Aosta,5.01-10
21-08-09,Valle Aosta,5.01-10
21-08-16,Valle Aosta,5.01-10
21-11-08,Valle Aosta,5.01-10
20-03-09,Lombardia,5.01-10
20-04-13,Lombardia,5.01-10
20-04-20,Lombardia,5.01-10
20-10-05,Lombardia,5.01-10
21-05-03,Lombardia,5.01-10
21-05-10,Lombardia,5.01-10
21-05-17,Lombardia,5.01-10
21-11-08,Lombardia,5.01-10
20-03-16,PA Bolzano,5.01-10
20-03-30,PA Bolzano,5.01-10
20-04-06,PA Bolzano,5.01-10
20-10-05,PA Bolzano,5.01-10
21-04-12,PA Bolzano,5.01-10
21-04-26,PA Bolzano,5.01-10
21-05-03,PA Bolzano,5.01-10
21-05-10,PA Bolzano,5.01-10
21-05-17,PA Bolzano,5.01-10
21-05-24,PA Bolzano,5.01-10
21-08-09,PA Bolzano,5.01-10
21-08-16,PA Bolzano,5.01-10
21-08-23,PA Bolzano,5.01-10
21-08-30,PA Bolzano,5.01-10
21-09-06,PA Bolzano,5.01-10
21-09-13,PA Bolzano,5.01-10
21-09-20,PA Bolzano,5.01-10
21-09-27,PA Bolzano,5.01-10
21-10-04,PA Bolzano,5.01-10
21-10-11,PA Bolzano,5.01-10
21-10-18,PA Bolzano,5.01-10
20-04-13,PA Trento,5.01-10
20-04-20,PA Trento,5.01-10
20-05-04,PA Trento,5.01-10
20-10-12,PA Trento,5.01-10
21-04-26,PA Trento,5.01-10
21-05-03,PA Trento,5.01-10
21-05-10,PA Trento,5.01-10
21-08-09,PA Trento,5.01-10
21-08-23,PA Trento,5.01-10
21-10-25,PA Trento,5.01-10
21-11-01,PA Trento,5.01-10
21-11-08,PA Trento,5.01-10
20-03-16,Veneto,5.01-10
20-03-23,Veneto,5.01-10
20-03-30,Veneto,5.01-10
20-10-05,Veneto,5.01-10
21-02-01,Veneto,5.01-10
21-02-08,Veneto,5.01-10
21-05-03,Veneto,5.01-10
21-05-10,Veneto,5.01-10
21-07-12,Veneto,5.01-10
21-07-19,Veneto,5.01-10
21-07-26,Veneto,5.01-10
21-08-02,Veneto,5.01-10
21-08-09,Veneto,5.01-10
21-08-16,Veneto,5.01-10
21-08-23,Veneto,5.01-10
21-08-30,Veneto,5.01-10
21-09-06,Veneto,5.01-10
21-09-13,Veneto,5.01-10
21-09-20,Veneto,5.01-10
21-10-18,Veneto,5.01-10
21-10-25,Veneto,5.01-10
21-11-01,Veneto,5.01-10
20-03-23,Friuli,5.01-10
20-10-05,Friuli,5.01-10
20-10-12,Friuli,5.01-10
21-04-26,Friuli,5.01-10
21-05-03,Friuli,5.01-10
21-08-23,Friuli,5.01-10
21-08-30,Friuli,5.01-10
21-09-06,Friuli,5.01-10
21-09-13,Friuli,5.01-10
21-10-18,Friuli,5.01-10
20-03-16,Liguria,5.01-10
20-03-23,Liguria,5.01-10
20-03-30,Liguria,5.01-10
20-04-06,Liguria,5.01-10
20-04-13,Liguria,5.01-10
20-04-20,Liguria,5.01-10
20-09-28,Liguria,5.01-10
21-05-03,Liguria,5.01-10
21-05-10,Liguria,5.01-10
21-07-26,Liguria,5.01-10
21-08-02,Liguria,5.01-10
21-08-09,Liguria,5.01-10
21-08-16,Liguria,5.01-10
21-08-23,Liguria,5.01-10
21-08-30,Liguria,5.01-10
21-09-06,Liguria,5.01-10
21-11-01,Liguria,5.01-10
20-03-09,Emilia,5.01-10
20-03-23,Emilia,5.01-10
20-03-30,Emilia,5.01-10
20-04-06,Emilia,5.01-10
20-04-13,Emilia,5.01-10
20-10-05,Emilia,5.01-10
20-10-12,Emilia,5.01-10
21-05-10,Emilia,5.01-10
21-07-19,Emilia,5.01-10
21-07-26,Emilia,5.01-10
21-08-02,Emilia,5.01-10
21-08-09,Emilia,5.01-10
21-08-16,Emilia,5.01-10
21-08-23,Emilia,5.01-10
21-08-30,Emilia,5.01-10
21-09-06,Emilia,5.01-10
21-09-13,Emilia,5.01-10
21-10-25,Emilia,5.01-10
21-11-01,Emilia,5.01-10
20-03-23,Toscana,5.01-10
20-10-05,Toscana,5.01-10
20-12-07,Toscana,5.01-10
20-12-14,Toscana,5.01-10
20-12-21,Toscana,5.01-10
20-12-28,Toscana,5.01-10
21-01-04,Toscana,5.01-10
21-01-11,Toscana,5.01-10
21-01-18,Toscana,5.01-10
21-01-25,Toscana,5.01-10
21-05-10,Toscana,5.01-10
21-05-17,Toscana,5.01-10
21-07-19,Toscana,5.01-10
21-08-30,Toscana,5.01-10
21-09-06,Toscana,5.01-10
21-09-13,Toscana,5.01-10
21-09-20,Toscana,5.01-10
21-10-25,Toscana,5.01-10
21-11-01,Toscana,5.01-10
21-11-08,Toscana,5.01-10
21-11-15,Toscana,5.01-10
21-11-22,Toscana,5.01-10
20-03-23,Umbria,5.01-10
20-10-05,Umbria,5.01-10
21-04-12,Umbria,5.01-10
21-04-19,Umbria,5.01-10
21-04-26,Umbria,5.01-10
21-05-03,Umbria,5.01-10
21-05-10,Umbria,5.01-10
21-07-19,Umbria,5.01-10
21-07-26,Umbria,5.01-10
21-08-02,Umbria,5.01-10
21-08-09,Umbria,5.01-10
21-08-16,Umbria,5.01-10
21-08-23,Umbria,5.01-10
21-08-30,Umbria,5.01-10
21-09-06,Umbria,5.01-10
21-09-13,Umbria,5.01-10
21-10-18,Umbria,5.01-10
21-10-25,Umbria,5.01-10
21-11-01,Umbria,5.01-10
21-11-08,Umbria,5.01-10
21-11-15,Umbria,5.01-10
21-11-22,Umbria,5.01-10
21-11-29,Umbria,5.01-10
20-03-09,Marche,5.01-10
20-03-16,Marche,5.01-10
20-03-23,Marche,5.01-10
20-03-30,Marche,5.01-10
20-04-06,Marche,5.01-10
20-10-12,Marche,5.01-10
21-05-10,Marche,5.01-10
21-05-17,Marche,5.01-10
21-07-26,Marche,5.01-10
21-08-02,Marche,5.01-10
21-08-09,Marche,5.01-10
21-08-16,Marche,5.01-10
21-08-23,Marche,5.01-10
21-08-30,Marche,5.01-10
21-09-06,Marche,5.01-10
21-09-13,Marche,5.01-10
21-11-01,Marche,5.01-10
20-10-05,Lazio,5.01-10
21-05-10,Lazio,5.01-10
21-05-17,Lazio,5.01-10
21-07-12,Lazio,5.01-10
21-07-19,Lazio,5.01-10
21-07-26,Lazio,5.01-10
21-08-02,Lazio,5.01-10
21-08-09,Lazio,5.01-10
21-08-16,Lazio,5.01-10
21-08-23,Lazio,5.01-10
21-08-30,Lazio,5.01-10
21-10-18,Lazio,5.01-10
21-10-25,Lazio,5.01-10
21-11-01,Lazio,5.01-10
20-03-23,Abruzzo,5.01-10
20-10-12,Abruzzo,5.01-10
20-12-14,Abruzzo,5.01-10
20-12-21,Abruzzo,5.01-10
21-04-19,Abruzzo,5.01-10
21-04-26,Abruzzo,5.01-10
21-05-03,Abruzzo,5.01-10
21-05-10,Abruzzo,5.01-10
21-08-09,Abruzzo,5.01-10
21-08-16,Abruzzo,5.01-10
21-08-23,Abruzzo,5.01-10
21-10-25,Abruzzo,5.01-10
21-11-01,Abruzzo,5.01-10
21-11-08,Abruzzo,5.01-10
20-10-12,Molise,5.01-10
20-12-21,Molise,5.01-10
21-03-22,Molise,5.01-10
21-03-29,Molise,5.01-10
21-04-05,Molise,5.01-10
21-04-12,Molise,5.01-10
21-04-19,Molise,5.01-10
21-04-26,Molise,5.01-10
21-11-15,Molise,5.01-10
21-11-22,Molise,5.01-10
20-10-05,Campania,5.01-10
20-12-21,Campania,5.01-10
21-05-17,Campania,5.01-10
21-05-24,Campania,5.01-10
21-08-02,Campania,5.01-10
21-08-09,Campania,5.01-10
21-08-16,Campania,5.01-10
21-08-23,Campania,5.01-10
21-08-30,Campania,5.01-10
21-10-25,Campania,5.01-10
21-11-01,Campania,5.01-10
21-11-08,Campania,5.01-10
20-10-12,Puglia,5.01-10
21-05-10,Puglia,5.01-10
21-05-17,Puglia,5.01-10
21-11-29,Puglia,5.01-10
21-12-06,Puglia,5.01-10
21-12-13,Puglia,5.01-10
20-10-19,Basilicata,5.01-10
20-12-07,Basilicata,5.01-10
20-12-14,Basilicata,5.01-10
20-12-21,Basilicata,5.01-10
21-01-11,Basilicata,5.01-10
21-01-18,Basilicata,5.01-10
21-01-25,Basilicata,5.01-10
21-02-01,Basilicata,5.01-10
21-05-17,Basilicata,5.01-10
21-05-24,Basilicata,5.01-10
21-08-02,Basilicata,5.01-10
21-08-09,Basilicata,5.01-10
21-08-16,Basilicata,5.01-10
21-08-23,Basilicata,5.01-10
21-08-30,Basilicata,5.01-10
21-09-06,Basilicata,5.01-10
21-09-13,Basilicata,5.01-10
21-09-27,Basilicata,5.01-10
21-11-29,Basilicata,5.01-10
21-12-06,Basilicata,5.01-10
20-10-19,Calabria,5.01-10
20-10-26,Calabria,5.01-10
20-11-30,Calabria,5.01-10
20-12-07,Calabria,5.01-10
20-12-14,Calabria,5.01-10
20-12-21,Calabria,5.01-10
21-01-25,Calabria,5.01-10
21-02-01,Calabria,5.01-10
21-02-08,Calabria,5.01-10
21-02-15,Calabria,5.01-10
21-02-22,Calabria,5.01-10
21-03-01,Calabria,5.01-10
21-05-10,Calabria,5.01-10
21-05-17,Calabria,5.01-10
21-05-24,Calabria,5.01-10
21-08-02,Calabria,5.01-10
21-08-09,Calabria,5.01-10
21-08-16,Calabria,5.01-10
21-08-30,Calabria,5.01-10
21-09-06,Calabria,5.01-10
21-09-13,Calabria,5.01-10
21-09-20,Calabria,5.01-10
21-10-25,Calabria,5.01-10
21-11-01,Calabria,5.01-10
21-11-08,Calabria,5.01-10
21-11-15,Calabria,5.01-10
21-11-22,Calabria,5.01-10
20-10-12,Sicilia,5.01-10
21-02-01,Sicilia,5.01-10
21-02-08,Sicilia,5.01-10
21-02-15,Sicilia,5.01-10
21-02-22,Sicilia,5.01-10
21-03-01,Sicilia,5.01-10
21-03-08,Sicilia,5.01-10
21-05-10,Sicilia,5.01-10
21-05-17,Sicilia,5.01-10
21-05-24,Sicilia,5.01-10
21-07-12,Sicilia,5.01-10
21-07-19,Sicilia,5.01-10
21-07-26,Sicilia,5.01-10
21-09-13,Sicilia,5.01-10
21-09-20,Sicilia,5.01-10
21-09-27,Sicilia,5.01-10
21-10-18,Sicilia,5.01-10
21-10-25,Sicilia,5.01-10
21-11-01,Sicilia,5.01-10
21-11-08,Sicilia,5.01-10
21-11-15,Sicilia,5.01-10
21-11-22,Sicilia,5.01-10
20-10-05,Sardegna,5.01-10
20-10-12,Sardegna,5.01-10
21-01-18,Sardegna,5.01-10
21-01-25,Sardegna,5.01-10
21-02-01,Sardegna,5.01-10
21-03-15,Sardegna,5.01-10
21-03-22,Sardegna,5.01-10
21-04-26,Sardegna,5.01-10
21-07-12,Sardegna,5.01-10
21-08-30,Sardegna,5.01-10
21-09-06,Sardegna,5.01-10
21-11-22,Sardegna,5.01-10
21-11-29,Sardegna,5.01-10
21-12-06,Sardegna,5.01-10
21-12-13,Sardegna,5.01-10
20-04-06,Piemonte,10.01-15
20-12-14,Piemonte,10.01-15
20-12-21,Piemonte,10.01-15
20-12-28,Piemonte,10.01-15
21-01-11,Piemonte,10.01-15
21-01-18,Piemonte,10.01-15
21-01-25,Piemonte,10.01-15
21-02-01,Piemonte,10.01-15
21-02-08,Piemonte,10.01-15
21-02-15,Piemonte,10.01-15
21-04-26,Piemonte,10.01-15
21-05-03,Piemonte,10.01-15
21-11-22,Piemonte,10.01-15
20-03-23,Valle Aosta,10.01-15
20-04-13,Valle Aosta,10.01-15
20-10-05,Valle Aosta,10.01-15
20-12-07,Valle Aosta,10.01-15
20-12-14,Valle Aosta,10.01-15
20-12-21,Valle Aosta,10.01-15
20-12-28,Valle Aosta,10.01-15
21-01-04,Valle Aosta,10.01-15
21-05-10,Valle Aosta,10.01-15
20-03-16,Lombardia,10.01-15
20-03-23,Lombardia,10.01-15
20-03-30,Lombardia,10.01-15
20-04-06,Lombardia,10.01-15
20-12-07,Lombardia,10.01-15
20-12-14,Lombardia,10.01-15
20-12-21,Lombardia,10.01-15
20-12-28,Lombardia,10.01-15
21-01-11,Lombardia,10.01-15
21-01-18,Lombardia,10.01-15
21-01-25,Lombardia,10.01-15
21-02-01,Lombardia,10.01-15
21-02-08,Lombardia,10.01-15
21-04-12,Lombardia,10.01-15
21-04-19,Lombardia,10.01-15
21-04-26,Lombardia,10.01-15
21-11-15,Lombardia,10.01-15
21-11-22,Lombardia,10.01-15
20-03-23,PA Bolzano,10.01-15
21-03-15,PA Bolzano,10.01-15
21-03-22,PA Bolzano,10.01-15
21-03-29,PA Bolzano,10.01-15
21-04-05,PA Bolzano,10.01-15
21-04-19,PA Bolzano,10.01-15
20-03-16,PA Trento,10.01-15
20-03-23,PA Trento,10.01-15
20-03-30,PA Trento,10.01-15
20-04-06,PA Trento,10.01-15
21-04-05,PA Trento,10.01-15
21-04-12,PA Trento,10.01-15
21-04-19,PA Trento,10.01-15
21-11-15,PA Trento,10.01-15
20-10-12,Veneto,10.01-15
21-01-18,Veneto,10.01-15
21-01-25,Veneto,10.01-15
21-02-15,Veneto,10.01-15
21-04-05,Veneto,10.01-15
21-04-12,Veneto,10.01-15
21-04-19,Veneto,10.01-15
21-04-26,Veneto,10.01-15
21-11-08,Veneto,10.01-15
21-04-12,Friuli,10.01-15
21-04-19,Friuli,10.01-15
21-10-25,Friuli,10.01-15
20-10-05,Liguria,10.01-15
20-11-30,Liguria,10.01-15
20-12-07,Liguria,10.01-15
20-12-14,Liguria,10.01-15
20-12-21,Liguria,10.01-15
20-12-28,Liguria,10.01-15
21-01-11,Liguria,10.01-15
21-01-18,Liguria,10.01-15
21-01-25,Liguria,10.01-15
21-02-01,Liguria,10.01-15
21-02-08,Liguria,10.01-15
21-02-15,Liguria,10.01-15
21-04-12,Liguria,10.01-15
21-04-19,Liguria,10.01-15
21-04-26,Liguria,10.01-15
21-11-08,Liguria,10.01-15
21-11-15,Liguria,10.01-15
20-03-16,Emilia,10.01-15
21-04-19,Emilia,10.01-15
21-04-26,Emilia,10.01-15
21-05-03,Emilia,10.01-15
21-11-08,Emilia,10.01-15
20-11-30,Toscana,10.01-15
21-02-01,Toscana,10.01-15
21-02-08,Toscana,10.01-15
21-04-26,Toscana,10.01-15
21-05-03,Toscana,10.01-15
21-07-26,Toscana,10.01-15
21-08-02,Toscana,10.01-15
21-08-09,Toscana,10.01-15
21-08-16,Toscana,10.01-15
21-08-23,Toscana,10.01-15
21-11-29,Toscana,10.01-15
21-12-06,Toscana,10.01-15
21-12-13,Toscana,10.01-15
20-12-07,Umbria,10.01-15
20-12-14,Umbria,10.01-15
20-12-21,Umbria,10.01-15
21-03-15,Umbria,10.01-15
21-03-22,Umbria,10.01-15
21-03-29,Umbria,10.01-15
21-04-05,Umbria,10.01-15
21-12-06,Umbria,10.01-15
21-04-05,Marche,10.01-15
21-04-12,Marche,10.01-15
21-04-19,Marche,10.01-15
21-04-26,Marche,10.01-15
21-05-03,Marche,10.01-15
21-11-08,Marche,10.01-15
21-11-15,Marche,10.01-15
20-10-12,Lazio,10.01-15
21-01-11,Lazio,10.01-15
21-01-18,Lazio,10.01-15
21-01-25,Lazio,10.01-15
21-02-01,Lazio,10.01-15
21-02-08,Lazio,10.01-15
21-02-15,Lazio,10.01-15
21-04-12,Lazio,10.01-15
21-04-19,Lazio,10.01-15
21-04-26,Lazio,10.01-15
21-05-03,Lazio,10.01-15
21-11-08,Lazio,10.01-15
21-11-15,Lazio,10.01-15
20-12-07,Abruzzo,10.01-15
20-12-28,Abruzzo,10.01-15
21-01-04,Abruzzo,10.01-15
21-01-11,Abruzzo,10.01-15
21-01-18,Abruzzo,10.01-15
21-03-29,Abruzzo,10.01-15
21-04-05,Abruzzo,10.01-15
21-04-12,Abruzzo,10.01-15
21-11-15,Abruzzo,10.01-15
21-11-22,Abruzzo,10.01-15
21-11-29,Abruzzo,10.01-15
21-12-06,Abruzzo,10.01-15
20-10-19,Molise,10.01-15
20-12-07,Molise,10.01-15
20-12-14,Molise,10.01-15
20-12-28,Molise,10.01-15
21-01-04,Molise,10.01-15
21-01-18,Molise,10.01-15
21-03-08,Molise,10.01-15
21-03-15,Molise,10.01-15
20-12-07,Campania,10.01-15
20-12-14,Campania,10.01-15
20-12-28,Campania,10.01-15
21-01-04,Campania,10.01-15
21-01-11,Campania,10.01-15
21-01-18,Campania,10.01-15
21-01-25,Campania,10.01-15
21-05-10,Campania,10.01-15
21-11-15,Campania,10.01-15
21-11-22,Campania,10.01-15
21-11-29,Campania,10.01-15
21-12-13,Campania,10.01-15
20-10-19,Puglia,10.01-15
20-10-26,Puglia,10.01-15
20-12-21,Puglia,10.01-15
21-02-15,Puglia,10.01-15
21-05-03,Puglia,10.01-15
20-10-26,Basilicata,10.01-15
20-11-30,Basilicata,10.01-15
20-12-28,Basilicata,10.01-15
21-01-04,Basilicata,10.01-15
21-02-08,Basilicata,10.01-15
21-02-15,Basilicata,10.01-15
21-02-22,Basilicata,10.01-15
21-03-22,Basilicata,10.01-15
21-05-03,Basilicata,10.01-15
21-05-10,Basilicata,10.01-15
21-12-13,Basilicata,10.01-15
20-11-23,Calabria,10.01-15
20-12-28,Calabria,10.01-15
21-01-04,Calabria,10.01-15
21-01-11,Calabria,10.01-15
21-01-18,Calabria,10.01-15
21-03-08,Calabria,10.01-15
21-03-15,Calabria,10.01-15
21-03-22,Calabria,10.01-15
21-04-26,Calabria,10.01-15
21-05-03,Calabria,10.01-15
21-08-23,Calabria,10.01-15
21-11-29,Calabria,10.01-15
21-12-06,Calabria,10.01-15
20-10-19,Sicilia,10.01-15
20-10-26,Sicilia,10.01-15
20-11-30,Sicilia,10.01-15
20-12-07,Sicilia,10.01-15
20-12-14,Sicilia,10.01-15
20-12-21,Sicilia,10.01-15
21-01-25,Sicilia,10.01-15
21-03-15,Sicilia,10.01-15
21-03-22,Sicilia,10.01-15
21-04-26,Sicilia,10.01-15
21-05-03,Sicilia,10.01-15
21-08-02,Sicilia,10.01-15
21-08-09,Sicilia,10.01-15
21-09-06,Sicilia,10.01-15
21-11-29,Sicilia,10.01-15
21-12-06,Sicilia,10.01-15
21-12-13,Sicilia,10.01-15
20-10-19,Sardegna,10.01-15
20-12-07,Sardegna,10.01-15
20-12-14,Sardegna,10.01-15
20-12-21,Sardegna,10.01-15
20-12-28,Sardegna,10.01-15
21-01-04,Sardegna,10.01-15
21-01-11,Sardegna,10.01-15
21-04-19,Sardegna,10.01-15
21-07-19,Sardegna,10.01-15
21-07-26,Sardegna,10.01-15
21-08-02,Sardegna,10.01-15
21-08-23,Sardegna,10.01-15
20-10-12,Piemonte,15.01-20
20-12-07,Piemonte,15.01-20
21-01-04,Piemonte,15.01-20
21-04-12,Piemonte,15.01-20
21-04-19,Piemonte,15.01-20
21-11-29,Piemonte,15.01-20
20-03-30,Valle Aosta,15.01-20
20-11-30,Valle Aosta,15.01-20
21-03-08,Valle Aosta,15.01-20
21-05-03,Valle Aosta,15.01-20
20-10-12,Lombardia,15.01-20
20-11-30,Lombardia,15.01-20
21-01-04,Lombardia,15.01-20
21-02-15,Lombardia,15.01-20
21-04-05,Lombardia,15.01-20
21-11-29,Lombardia,15.01-20
20-10-12,PA Bolzano,15.01-20
21-03-08,PA Bolzano,15.01-20
21-10-25,PA Bolzano,15.01-20
21-01-11,PA Trento,15.01-20
21-03-29,PA Trento,15.01-20
21-11-22,PA Trento,15.01-20
21-02-22,Veneto,15.01-20
21-03-01,Veneto,15.01-20
21-03-29,Veneto,15.01-20
20-10-19,Friuli,15.01-20
21-02-08,Friuli,15.01-20
21-02-15,Friuli,15.01-20
21-04-05,Friuli,15.01-20
21-11-01,Friuli,15.01-20
21-12-13,Friuli,15.01-20
21-01-04,Liguria,15.01-20
21-02-22,Liguria,15.01-20
21-03-01,Liguria,15.01-20
21-03-08,Liguria,15.01-20
21-03-15,Liguria,15.01-20
21-04-05,Liguria,15.01-20
21-11-22,Liguria,15.01-20
21-01-18,Emilia,15.01-20
21-01-25,Emilia,15.01-20
21-02-01,Emilia,15.01-20
21-04-05,Emilia,15.01-20
21-04-12,Emilia,15.01-20
21-11-15,Emilia,15.01-20
21-11-22,Emilia,15.01-20
21-12-13,Emilia,15.01-20
20-10-12,Toscana,15.01-20
20-11-23,Toscana,15.01-20
21-02-15,Toscana,15.01-20
21-04-12,Toscana,15.01-20
21-04-19,Toscana,15.01-20
20-10-12,Umbria,15.01-20
20-11-30,Umbria,15.01-20
20-12-28,Umbria,15.01-20
21-01-04,Umbria,15.01-20
21-01-11,Umbria,15.01-20
21-02-22,Umbria,15.01-20
21-03-01,Umbria,15.01-20
21-03-08,Umbria,15.01-20
20-10-19,Marche,15.01-20
20-11-16,Marche,15.01-20
20-11-23,Marche,15.01-20
20-11-30,Marche,15.01-20
20-12-07,Marche,15.01-20
20-12-14,Marche,15.01-20
20-12-21,Marche,15.01-20
21-01-11,Marche,15.01-20
21-01-18,Marche,15.01-20
21-01-25,Marche,15.01-20
21-02-01,Marche,15.01-20
21-02-08,Marche,15.01-20
21-11-22,Marche,15.01-20
21-11-29,Marche,15.01-20
21-12-13,Marche,15.01-20
20-11-30,Lazio,15.01-20
20-12-07,Lazio,15.01-20
20-12-14,Lazio,15.01-20
20-12-21,Lazio,15.01-20
21-01-04,Lazio,15.01-20
21-02-22,Lazio,15.01-20
21-03-01,Lazio,15.01-20
21-03-29,Lazio,15.01-20
21-04-05,Lazio,15.01-20
21-11-22,Lazio,15.01-20
21-11-29,Lazio,15.01-20
20-10-19,Abruzzo,15.01-20
20-11-30,Abruzzo,15.01-20
21-01-25,Abruzzo,15.01-20
21-03-15,Abruzzo,15.01-20
21-03-22,Abruzzo,15.01-20
21-12-13,Abruzzo,15.01-20
20-11-02,Molise,15.01-20
20-11-30,Molise,15.01-20
21-01-11,Molise,15.01-20
21-01-25,Molise,15.01-20
21-02-01,Molise,15.01-20
21-02-08,Molise,15.01-20
21-02-22,Molise,15.01-20
21-03-01,Molise,15.01-20
20-10-12,Campania,15.01-20
20-11-30,Campania,15.01-20
21-02-01,Campania,15.01-20
21-02-08,Campania,15.01-20
21-02-15,Campania,15.01-20
21-04-26,Campania,15.01-20
21-05-03,Campania,15.01-20
21-12-06,Campania,15.01-20
20-11-02,Puglia,15.01-20
20-12-07,Puglia,15.01-20
20-12-14,Puglia,15.01-20
20-12-28,Puglia,15.01-20
21-01-11,Puglia,15.01-20
21-01-18,Puglia,15.01-20
21-01-25,Puglia,15.01-20
21-02-01,Puglia,15.01-20
21-02-08,Puglia,15.01-20
21-02-22,Puglia,15.01-20
21-04-26,Puglia,15.01-20
21-03-01,Basilicata,15.01-20
21-03-08,Basilicata,15.01-20
21-03-15,Basilicata,15.01-20
21-03-29,Basilicata,15.01-20
21-04-05,Basilicata,15.01-20
21-04-19,Basilicata,15.01-20
21-04-26,Basilicata,15.01-20
20-11-02,Calabria,15.01-20
20-11-09,Calabria,15.01-20
20-11-16,Calabria,15.01-20
21-03-29,Calabria,15.01-20
21-04-05,Calabria,15.01-20
21-04-12,Calabria,15.01-20
21-04-19,Calabria,15.01-20
20-11-23,Sicilia,15.01-20
20-12-28,Sicilia,15.01-20
21-01-18,Sicilia,15.01-20
21-03-29,Sicilia,15.01-20
21-04-05,Sicilia,15.01-20
21-04-12,Sicilia,15.01-20
21-04-19,Sicilia,15.01-20
21-08-30,Sicilia,15.01-20
20-10-26,Sardegna,15.01-20
20-11-02,Sardegna,15.01-20
20-11-09,Sardegna,15.01-20
20-11-16,Sardegna,15.01-20
20-11-23,Sardegna,15.01-20
20-11-30,Sardegna,15.01-20
21-03-29,Sardegna,15.01-20
21-04-05,Sardegna,15.01-20
21-04-12,Sardegna,15.01-20
21-08-09,Sardegna,15.01-20
21-08-16,Sardegna,15.01-20
20-11-30,Piemonte,20.01-40
21-02-22,Piemonte,20.01-40
21-04-05,Piemonte,20.01-40
21-12-06,Piemonte,20.01-40
20-03-16,Valle Aosta,20.01-40
21-03-15,Valle Aosta,20.01-40
21-04-26,Valle Aosta,20.01-40
21-11-15,Valle Aosta,20.01-40
21-03-29,Lombardia,20.01-40
21-12-06,Lombardia,20.01-40
20-12-14,PA Bolzano,20.01-40
20-12-21,PA Bolzano,20.01-40
20-10-19,PA Trento,20.01-40
20-11-16,PA Trento,20.01-40
20-12-21,PA Trento,20.01-40
21-01-18,PA Trento,20.01-40
21-01-25,PA Trento,20.01-40
21-11-29,PA Trento,20.01-40
20-10-19,Veneto,20.01-40
21-01-11,Veneto,20.01-40
21-03-22,Veneto,20.01-40
21-11-15,Veneto,20.01-40
21-02-01,Friuli,20.01-40
20-10-12,Liguria,20.01-40
20-11-23,Liguria,20.01-40
21-03-22,Liguria,20.01-40
21-03-29,Liguria,20.01-40
21-11-29,Liguria,20.01-40
20-10-19,Emilia,20.01-40
20-12-07,Emilia,20.01-40
20-12-14,Emilia,20.01-40
20-12-21,Emilia,20.01-40
21-01-11,Emilia,20.01-40
21-02-08,Emilia,20.01-40
21-03-29,Emilia,20.01-40
21-11-29,Emilia,20.01-40
21-02-22,Toscana,20.01-40
21-03-01,Toscana,20.01-40
21-03-08,Toscana,20.01-40
21-03-15,Toscana,20.01-40
21-04-05,Toscana,20.01-40
20-11-23,Umbria,20.01-40
21-01-18,Umbria,20.01-40
21-01-25,Umbria,20.01-40
21-02-15,Umbria,20.01-40
21-12-13,Umbria,20.01-40
20-10-26,Marche,20.01-40
20-12-28,Marche,20.01-40
21-01-04,Marche,20.01-40
21-02-15,Marche,20.01-40
21-03-22,Marche,20.01-40
21-03-29,Marche,20.01-40
21-12-06,Marche,20.01-40
20-10-19,Lazio,20.01-40
20-11-23,Lazio,20.01-40
20-12-28,Lazio,20.01-40
21-03-08,Lazio,20.01-40
21-03-15,Lazio,20.01-40
21-03-22,Lazio,20.01-40
21-12-06,Lazio,20.01-40
21-02-01,Abruzzo,20.01-40
21-02-08,Abruzzo,20.01-40
21-02-15,Abruzzo,20.01-40
21-03-01,Abruzzo,20.01-40
21-03-08,Abruzzo,20.01-40
20-10-26,Molise,20.01-40
20-11-09,Molise,20.01-40
20-11-23,Molise,20.01-40
21-02-15,Molise,20.01-40
21-02-22,Campania,20.01-40
21-03-15,Campania,20.01-40
21-03-22,Campania,20.01-40
21-03-29,Campania,20.01-40
21-04-05,Campania,20.01-40
21-04-12,Campania,20.01-40
21-04-19,Campania,20.01-40
20-11-09,Puglia,20.01-40
20-11-30,Puglia,20.01-40
21-01-04,Puglia,20.01-40
21-03-01,Puglia,20.01-40
21-04-05,Puglia,20.01-40
21-04-12,Puglia,20.01-40
21-04-19,Puglia,20.01-40
20-11-02,Basilicata,20.01-40
20-11-23,Basilicata,20.01-40
21-04-12,Basilicata,20.01-40
20-11-02,Sicilia,20.01-40
20-11-09,Sicilia,20.01-40
20-11-16,Sicilia,20.01-40
21-01-11,Sicilia,20.01-40
21-08-16,Sicilia,20.01-40
21-08-23,Sicilia,20.01-40
20-10-19,Piemonte,40+
20-10-26,Piemonte,40+
20-11-02,Piemonte,40+
20-11-09,Piemonte,40+
20-11-16,Piemonte,40+
20-11-23,Piemonte,40+
21-03-01,Piemonte,40+
21-03-08,Piemonte,40+
21-03-15,Piemonte,40+
21-03-22,Piemonte,40+
21-03-29,Piemonte,40+
20-10-12,Valle Aosta,40+
20-10-19,Valle Aosta,40+
20-10-26,Valle Aosta,40+
20-11-02,Valle Aosta,40+
20-11-09,Valle Aosta,40+
20-11-16,Valle Aosta,40+
20-11-23,Valle Aosta,40+
21-03-22,Valle Aosta,40+
21-03-29,Valle Aosta,40+
21-04-05,Valle Aosta,40+
21-04-12,Valle Aosta,40+
21-04-19,Valle Aosta,40+
21-11-22,Valle Aosta,40+
21-11-29,Valle Aosta,40+
21-12-06,Valle Aosta,40+
21-12-13,Valle Aosta,40+
20-10-19,Lombardia,40+
20-10-26,Lombardia,40+
20-11-02,Lombardia,40+
20-11-09,Lombardia,40+
20-11-16,Lombardia,40+
20-11-23,Lombardia,40+
21-02-22,Lombardia,40+
21-03-01,Lombardia,40+
21-03-08,Lombardia,40+
21-03-15,Lombardia,40+
21-03-22,Lombardia,40+
21-12-13,Lombardia,40+
20-10-19,PA Bolzano,40+
20-10-26,PA Bolzano,40+
20-11-02,PA Bolzano,40+
20-11-09,PA Bolzano,40+
20-11-16,PA Bolzano,40+
20-11-23,PA Bolzano,40+
20-11-30,PA Bolzano,40+
20-12-07,PA Bolzano,40+
20-12-28,PA Bolzano,40+
21-01-04,PA Bolzano,40+
21-01-11,PA Bolzano,40+
21-01-18,PA Bolzano,40+
21-01-25,PA Bolzano,40+
21-02-01,PA Bolzano,40+
21-02-08,PA Bolzano,40+
21-02-15,PA Bolzano,40+
21-02-22,PA Bolzano,40+
21-03-01,PA Bolzano,40+
21-11-01,PA Bolzano,40+
21-11-08,PA Bolzano,40+
21-11-15,PA Bolzano,40+
21-11-22,PA Bolzano,40+
21-11-29,PA Bolzano,40+
21-12-06,PA Bolzano,40+
20-10-26,PA Trento,40+
20-11-02,PA Trento,40+
20-11-09,PA Trento,40+
20-11-23,PA Trento,40+
20-11-30,PA Trento,40+
20-12-07,PA Trento,40+
20-12-14,PA Trento,40+
20-12-28,PA Trento,40+
21-01-04,PA Trento,40+
21-02-01,PA Trento,40+
21-02-08,PA Trento,40+
21-02-15,PA Trento,40+
21-02-22,PA Trento,40+
21-03-01,PA Trento,40+
21-03-08,PA Trento,40+
21-03-15,PA Trento,40+
21-03-22,PA Trento,40+
21-12-06,PA Trento,40+
21-12-13,PA Trento,40+
20-10-26,Veneto,40+
20-11-02,Veneto,40+
20-11-09,Veneto,40+
20-11-16,Veneto,40+
20-11-23,Veneto,40+
20-11-30,Veneto,40+
20-12-07,Veneto,40+
20-12-14,Veneto,40+
20-12-21,Veneto,40+
20-12-28,Veneto,40+
21-01-04,Veneto,40+
21-03-08,Veneto,40+
21-03-15,Veneto,40+
21-11-22,Veneto,40+
21-11-29,Veneto,40+
21-12-06,Veneto,40+
21-12-13,Veneto,40+
20-10-26,Friuli,40+
20-11-02,Friuli,40+
20-11-09,Friuli,40+
20-11-16,Friuli,40+
20-11-23,Friuli,40+
20-11-30,Friuli,40+
20-12-07,Friuli,40+
20-12-14,Friuli,40+
20-12-21,Friuli,40+
20-12-28,Friuli,40+
21-01-04,Friuli,40+
21-01-11,Friuli,40+
21-01-18,Friuli,40+
21-01-25,Friuli,40+
21-02-22,Friuli,40+
21-03-01,Friuli,40+
21-03-08,Friuli,40+
21-03-15,Friuli,40+
21-03-22,Friuli,40+
21-03-29,Friuli,40+
21-11-08,Friuli,40+
21-11-15,Friuli,40+
21-11-22,Friuli,40+
21-11-29,Friuli,40+
21-12-06,Friuli,40+
20-10-19,Liguria,40+
20-10-26,Liguria,40+
20-11-02,Liguria,40+
20-11-09,Liguria,40+
20-11-16,Liguria,40+
21-12-06,Liguria,40+
21-12-13,Liguria,40+
20-10-26,Emilia,40+
20-11-02,Emilia,40+
20-11-09,Emilia,40+
20-11-16,Emilia,40+
20-11-23,Emilia,40+
20-11-30,Emilia,40+
20-12-28,Emilia,40+
21-01-04,Emilia,40+
21-02-15,Emilia,40+
21-02-22,Emilia,40+
21-03-01,Emilia,40+
21-03-08,Emilia,40+
21-03-15,Emilia,40+
21-03-22,Emilia,40+
21-12-06,Emilia,40+
20-10-19,Toscana,40+
20-10-26,Toscana,40+
20-11-02,Toscana,40+
20-11-09,Toscana,40+
20-11-16,Toscana,40+
21-03-22,Toscana,40+
21-03-29,Toscana,40+
20-10-19,Umbria,40+
20-10-26,Umbria,40+
20-11-02,Umbria,40+
20-11-09,Umbria,40+
20-11-16,Umbria,40+
21-02-01,Umbria,40+
21-02-08,Umbria,40+
20-11-02,Marche,40+
20-11-09,Marche,40+
21-02-22,Marche,40+
21-03-01,Marche,40+
21-03-08,Marche,40+
21-03-15,Marche,40+
20-10-26,Lazio,40+
20-11-02,Lazio,40+
20-11-09,Lazio,40+
20-11-16,Lazio,40+
20-10-26,Abruzzo,40+
20-11-02,Abruzzo,40+
20-11-09,Abruzzo,40+
20-11-16,Abruzzo,40+
20-11-23,Abruzzo,40+
21-02-22,Abruzzo,40+
20-11-16,Molise,40+
20-10-19,Campania,40+
20-10-26,Campania,40+
20-11-02,Campania,40+
20-11-09,Campania,40+
20-11-16,Campania,40+
20-11-23,Campania,40+
21-03-01,Campania,40+
21-03-08,Campania,40+
20-11-16,Puglia,40+
20-11-23,Puglia,40+
21-03-08,Puglia,40+
21-03-15,Puglia,40+
21-03-22,Puglia,40+
21-03-29,Puglia,40+
20-11-09,Basilicata,40+
20-11-16,Basilicata,40+
21-01-04,Sicilia,40+
